(kicad_pcb (version 20171130) (host pcbnew "(5.1.2)-2")

  (general
    (thickness 1.6)
    (drawings 0)
    (tracks 4)
    (zones 0)
    (modules 93)
    (nets 69)
  )

  (page A4)
  (layers
    (0 F.Cu signal)
    (31 B.Cu signal)
    (32 B.Adhes user)
    (33 F.Adhes user)
    (34 B.Paste user)
    (35 F.Paste user)
    (36 B.SilkS user)
    (37 F.SilkS user)
    (38 B.Mask user)
    (39 F.Mask user)
    (40 Dwgs.User user)
    (41 Cmts.User user)
    (42 Eco1.User user)
    (43 Eco2.User user)
    (44 Edge.Cuts user)
    (45 Margin user)
    (46 B.CrtYd user)
    (47 F.CrtYd user)
    (48 B.Fab user)
    (49 F.Fab user)
  )

  (setup
    (last_trace_width 0.25)
    (trace_clearance 0.2)
    (zone_clearance 0.508)
    (zone_45_only no)
    (trace_min 0.2)
    (via_size 0.8)
    (via_drill 0.4)
    (via_min_size 0.4)
    (via_min_drill 0.3)
    (uvia_size 0.3)
    (uvia_drill 0.1)
    (uvias_allowed no)
    (uvia_min_size 0.2)
    (uvia_min_drill 0.1)
    (edge_width 0.05)
    (segment_width 0.2)
    (pcb_text_width 0.3)
    (pcb_text_size 1.5 1.5)
    (mod_edge_width 0.12)
    (mod_text_size 1 1)
    (mod_text_width 0.15)
    (pad_size 1.524 1.524)
    (pad_drill 0.762)
    (pad_to_mask_clearance 0.051)
    (solder_mask_min_width 0.25)
    (aux_axis_origin 0 0)
    (visible_elements 7FFFFFFF)
    (pcbplotparams
      (layerselection 0x010fc_ffffffff)
      (usegerberextensions false)
      (usegerberattributes false)
      (usegerberadvancedattributes false)
      (creategerberjobfile false)
      (excludeedgelayer true)
      (linewidth 0.100000)
      (plotframeref false)
      (viasonmask false)
      (mode 1)
      (useauxorigin false)
      (hpglpennumber 1)
      (hpglpenspeed 20)
      (hpglpendiameter 15.000000)
      (psnegative false)
      (psa4output false)
      (plotreference true)
      (plotvalue true)
      (plotinvisibletext false)
      (padsonsilk false)
      (subtractmaskfromsilk false)
      (outputformat 1)
      (mirror false)
      (drillshape 1)
      (scaleselection 1)
      (outputdirectory ""))
  )

  (net 0 "")
  (net 1 "Net-(C1-Pad1)")
  (net 2 "Net-(C1-Pad2)")
  (net 3 GND)
  (net 4 "Net-(C2-Pad2)")
  (net 5 "Net-(C3-Pad2)")
  (net 6 "Net-(C3-Pad1)")
  (net 7 "Net-(C4-Pad1)")
  (net 8 VCC)
  (net 9 "Net-(C5-Pad1)")
  (net 10 "Net-(C6-Pad2)")
  (net 11 "Net-(C6-Pad1)")
  (net 12 "Net-(C7-Pad1)")
  (net 13 "Net-(C7-Pad2)")
  (net 14 VEE)
  (net 15 "Net-(C8-Pad2)")
  (net 16 "Net-(C9-Pad1)")
  (net 17 "Net-(C10-Pad1)")
  (net 18 +15V)
  (net 19 "Net-(D1-Pad1)")
  (net 20 "Net-(D1-Pad2)")
  (net 21 "Net-(D3-Pad1)")
  (net 22 "Net-(D3-Pad2)")
  (net 23 "Net-(D4-Pad1)")
  (net 24 "Net-(D4-Pad2)")
  (net 25 "Net-(D5-Pad2)")
  (net 26 "Net-(D5-Pad1)")
  (net 27 "Net-(D6-Pad2)")
  (net 28 "Net-(D6-Pad1)")
  (net 29 "Net-(D7-Pad1)")
  (net 30 "Net-(D8-Pad2)")
  (net 31 "Net-(D9-Pad1)")
  (net 32 "Net-(D10-Pad2)")
  (net 33 "Net-(Q1-Pad3)")
  (net 34 "Net-(Q2-Pad3)")
  (net 35 "Net-(Q2-Pad1)")
  (net 36 "Net-(Q3-Pad2)")
  (net 37 "Net-(Q3-Pad3)")
  (net 38 "Net-(Q4-Pad3)")
  (net 39 "Net-(Q5-Pad3)")
  (net 40 "Net-(Q6-Pad3)")
  (net 41 "Net-(Q8-Pad1)")
  (net 42 "Net-(Q9-Pad3)")
  (net 43 "Net-(Q10-Pad3)")
  (net 44 "Net-(Q11-Pad3)")
  (net 45 "Net-(Q12-Pad3)")
  (net 46 "Net-(Q13-Pad3)")
  (net 47 "Net-(Q14-Pad2)")
  (net 48 "Net-(Q15-Pad2)")
  (net 49 "Net-(Q16-Pad1)")
  (net 50 "Net-(Q18-Pad3)")
  (net 51 "Net-(Q18-Pad1)")
  (net 52 "Net-(Q19-Pad1)")
  (net 53 "Net-(Q19-Pad2)")
  (net 54 "Net-(Q19-Pad3)")
  (net 55 "Net-(Q20-Pad1)")
  (net 56 "Net-(Q21-Pad1)")
  (net 57 "Net-(Q22-Pad1)")
  (net 58 "Net-(Q22-Pad3)")
  (net 59 -15V)
  (net 60 "Net-(Q23-Pad3)")
  (net 61 "Net-(Q24-Pad3)")
  (net 62 "Net-(Q25-Pad3)")
  (net 63 "Net-(R2-Pad1)")
  (net 64 "Net-(R19-Pad1)")
  (net 65 "Net-(C10-Pad2)")
  (net 66 "Net-(D11-Pad2)")
  (net 67 "Net-(Q29-Pad1)")
  (net 68 "Net-(Q28-Pad1)")

  (net_class Default "Esta es la clase de red por defecto."
    (clearance 0.2)
    (trace_width 0.25)
    (via_dia 0.8)
    (via_drill 0.4)
    (uvia_dia 0.3)
    (uvia_drill 0.1)
    (add_net +15V)
    (add_net -15V)
    (add_net GND)
    (add_net "Net-(C1-Pad1)")
    (add_net "Net-(C1-Pad2)")
    (add_net "Net-(C10-Pad1)")
    (add_net "Net-(C10-Pad2)")
    (add_net "Net-(C2-Pad2)")
    (add_net "Net-(C3-Pad1)")
    (add_net "Net-(C3-Pad2)")
    (add_net "Net-(C4-Pad1)")
    (add_net "Net-(C5-Pad1)")
    (add_net "Net-(C6-Pad1)")
    (add_net "Net-(C6-Pad2)")
    (add_net "Net-(C7-Pad1)")
    (add_net "Net-(C7-Pad2)")
    (add_net "Net-(C8-Pad2)")
    (add_net "Net-(C9-Pad1)")
    (add_net "Net-(D1-Pad1)")
    (add_net "Net-(D1-Pad2)")
    (add_net "Net-(D10-Pad2)")
    (add_net "Net-(D11-Pad2)")
    (add_net "Net-(D3-Pad1)")
    (add_net "Net-(D3-Pad2)")
    (add_net "Net-(D4-Pad1)")
    (add_net "Net-(D4-Pad2)")
    (add_net "Net-(D5-Pad1)")
    (add_net "Net-(D5-Pad2)")
    (add_net "Net-(D6-Pad1)")
    (add_net "Net-(D6-Pad2)")
    (add_net "Net-(D7-Pad1)")
    (add_net "Net-(D8-Pad2)")
    (add_net "Net-(D9-Pad1)")
    (add_net "Net-(Q1-Pad3)")
    (add_net "Net-(Q10-Pad3)")
    (add_net "Net-(Q11-Pad3)")
    (add_net "Net-(Q12-Pad3)")
    (add_net "Net-(Q13-Pad3)")
    (add_net "Net-(Q14-Pad2)")
    (add_net "Net-(Q15-Pad2)")
    (add_net "Net-(Q16-Pad1)")
    (add_net "Net-(Q18-Pad1)")
    (add_net "Net-(Q18-Pad3)")
    (add_net "Net-(Q19-Pad1)")
    (add_net "Net-(Q19-Pad2)")
    (add_net "Net-(Q19-Pad3)")
    (add_net "Net-(Q2-Pad1)")
    (add_net "Net-(Q2-Pad3)")
    (add_net "Net-(Q20-Pad1)")
    (add_net "Net-(Q21-Pad1)")
    (add_net "Net-(Q22-Pad1)")
    (add_net "Net-(Q22-Pad3)")
    (add_net "Net-(Q23-Pad3)")
    (add_net "Net-(Q24-Pad3)")
    (add_net "Net-(Q25-Pad3)")
    (add_net "Net-(Q28-Pad1)")
    (add_net "Net-(Q29-Pad1)")
    (add_net "Net-(Q3-Pad2)")
    (add_net "Net-(Q3-Pad3)")
    (add_net "Net-(Q4-Pad3)")
    (add_net "Net-(Q5-Pad3)")
    (add_net "Net-(Q6-Pad3)")
    (add_net "Net-(Q8-Pad1)")
    (add_net "Net-(Q9-Pad3)")
    (add_net "Net-(R19-Pad1)")
    (add_net "Net-(R2-Pad1)")
    (add_net VCC)
    (add_net VEE)
  )

  (module Package_TO_SOT_THT:TO-126-3_Vertical (layer F.Cu) (tedit 5AC8BA0D) (tstamp 5D1F651D)
    (at 264.5 119 90)
    (descr "TO-126-3, Vertical, RM 2.54mm, see https://www.diodes.com/assets/Package-Files/TO126.pdf")
    (tags "TO-126-3 Vertical RM 2.54mm")
    (path /5D453BAC)
    (fp_text reference Q24 (at 0 -2.5 90) (layer F.SilkS)
      (effects (font (size 1 1) (thickness 0.15)))
    )
    (fp_text value Q-PNP (at 0 2.5 90) (layer F.Fab)
      (effects (font (size 1 1) (thickness 0.15)))
    )
    (fp_text user %R (at 0 0) (layer F.Fab)
      (effects (font (size 0.5 0.5) (thickness 0.075)))
    )
    (fp_line (start 6.79 -2.25) (end -1.71 -2.25) (layer F.CrtYd) (width 0.05))
    (fp_line (start 6.79 1.5) (end 6.79 -2.25) (layer F.CrtYd) (width 0.05))
    (fp_line (start -1.71 1.5) (end 6.79 1.5) (layer F.CrtYd) (width 0.05))
    (fp_line (start -1.71 -2.25) (end -1.71 1.5) (layer F.CrtYd) (width 0.05))
    (fp_line (start 4.141 0.54) (end 4.141 1.37) (layer F.SilkS) (width 0.12))
    (fp_line (start 4.141 -2.12) (end 4.141 -0.54) (layer F.SilkS) (width 0.12))
    (fp_line (start 0.94 1.05) (end 0.94 1.37) (layer F.SilkS) (width 0.12))
    (fp_line (start 0.94 -2.12) (end 0.94 -1.05) (layer F.SilkS) (width 0.12))
    (fp_line (start 6.66 -2.12) (end 6.66 1.37) (layer F.SilkS) (width 0.12))
    (fp_line (start -1.58 -2.12) (end -1.58 1.37) (layer F.SilkS) (width 0.12))
    (fp_line (start -1.58 1.37) (end 6.66 1.37) (layer F.SilkS) (width 0.12))
    (fp_line (start -1.58 -2.12) (end 6.66 -2.12) (layer F.SilkS) (width 0.12))
    (fp_line (start 4.14 -2) (end 4.14 1.25) (layer F.Fab) (width 0.1))
    (fp_line (start 0.94 -2) (end 0.94 1.25) (layer F.Fab) (width 0.1))
    (fp_line (start 6.54 -2) (end -1.46 -2) (layer F.Fab) (width 0.1))
    (fp_line (start 6.54 1.25) (end 6.54 -2) (layer F.Fab) (width 0.1))
    (fp_line (start -1.46 1.25) (end 6.54 1.25) (layer F.Fab) (width 0.1))
    (fp_line (start -1.46 -2) (end -1.46 1.25) (layer F.Fab) (width 0.1))
    (pad 3 thru_hole oval (at 5.08 0 90) (size 1.8 1.8) (drill 1) (layers *.Cu *.Mask)
      (net 61 "Net-(Q24-Pad3)"))
    (pad 2 thru_hole oval (at 2.54 0 90) (size 1.8 1.8) (drill 1) (layers *.Cu *.Mask)
      (net 14 VEE))
    (pad 1 thru_hole rect (at 0 0 90) (size 1.8 1.8) (drill 1) (layers *.Cu *.Mask)
      (net 15 "Net-(C8-Pad2)"))
    (model ${KISYS3DMOD}/Package_TO_SOT_THT.3dshapes/TO-126-3_Vertical.wrl
      (at (xyz 0 0 0))
      (scale (xyz 1 1 1))
      (rotate (xyz 0 0 0))
    )
  )

  (module Package_TO_SOT_THT:TO-126-3_Vertical (layer F.Cu) (tedit 5AC8BA0D) (tstamp 5D1F653F)
    (at 264.5 57.5 90)
    (descr "TO-126-3, Vertical, RM 2.54mm, see https://www.diodes.com/assets/Package-Files/TO126.pdf")
    (tags "TO-126-3 Vertical RM 2.54mm")
    (path /5D2A519F)
    (fp_text reference Q25 (at 0 -1.27 90) (layer F.SilkS)
      (effects (font (size 1 1) (thickness 0.15)))
    )
    (fp_text value Q-NPN (at 0 2.5 90) (layer F.Fab)
      (effects (font (size 1 1) (thickness 0.15)))
    )
    (fp_text user %R (at -0.7 -0.185001) (layer F.Fab)
      (effects (font (size 0.5 0.5) (thickness 0.075)))
    )
    (fp_line (start 6.79 -2.25) (end -1.71 -2.25) (layer F.CrtYd) (width 0.05))
    (fp_line (start 6.79 1.5) (end 6.79 -2.25) (layer F.CrtYd) (width 0.05))
    (fp_line (start -1.71 1.5) (end 6.79 1.5) (layer F.CrtYd) (width 0.05))
    (fp_line (start -1.71 -2.25) (end -1.71 1.5) (layer F.CrtYd) (width 0.05))
    (fp_line (start 4.141 0.54) (end 4.141 1.37) (layer F.SilkS) (width 0.12))
    (fp_line (start 4.141 -2.12) (end 4.141 -0.54) (layer F.SilkS) (width 0.12))
    (fp_line (start 0.94 1.05) (end 0.94 1.37) (layer F.SilkS) (width 0.12))
    (fp_line (start 0.94 -2.12) (end 0.94 -1.05) (layer F.SilkS) (width 0.12))
    (fp_line (start 6.66 -2.12) (end 6.66 1.37) (layer F.SilkS) (width 0.12))
    (fp_line (start -1.58 -2.12) (end -1.58 1.37) (layer F.SilkS) (width 0.12))
    (fp_line (start -1.58 1.37) (end 6.66 1.37) (layer F.SilkS) (width 0.12))
    (fp_line (start -1.58 -2.12) (end 6.66 -2.12) (layer F.SilkS) (width 0.12))
    (fp_line (start 4.14 -2) (end 4.14 1.25) (layer F.Fab) (width 0.1))
    (fp_line (start 0.94 -2) (end 0.94 1.25) (layer F.Fab) (width 0.1))
    (fp_line (start 6.54 -2) (end -1.46 -2) (layer F.Fab) (width 0.1))
    (fp_line (start 6.54 1.25) (end 6.54 -2) (layer F.Fab) (width 0.1))
    (fp_line (start -1.46 1.25) (end 6.54 1.25) (layer F.Fab) (width 0.1))
    (fp_line (start -1.46 -2) (end -1.46 1.25) (layer F.Fab) (width 0.1))
    (pad 3 thru_hole oval (at 5.08 0 90) (size 1.8 1.8) (drill 1) (layers *.Cu *.Mask)
      (net 62 "Net-(Q25-Pad3)"))
    (pad 2 thru_hole oval (at 2.54 0 90) (size 1.8 1.8) (drill 1) (layers *.Cu *.Mask)
      (net 8 VCC))
    (pad 1 thru_hole rect (at 0 0 90) (size 1.8 1.8) (drill 1) (layers *.Cu *.Mask)
      (net 16 "Net-(C9-Pad1)"))
    (model ${KISYS3DMOD}/Package_TO_SOT_THT.3dshapes/TO-126-3_Vertical.wrl
      (at (xyz 0 0 0))
      (scale (xyz 1 1 1))
      (rotate (xyz 0 0 0))
    )
  )

  (module Package_TO_SOT_SMD:SOT-23_Handsoldering (layer F.Cu) (tedit 5A0AB76C) (tstamp 5D1DD639)
    (at 152.175001 116.935001)
    (descr "SOT-23, Handsoldering")
    (tags SOT-23)
    (path /5D22472B)
    (attr smd)
    (fp_text reference Q21 (at 0 -2.5) (layer F.SilkS)
      (effects (font (size 1 1) (thickness 0.15)))
    )
    (fp_text value Q-PNP (at 0 2.5) (layer F.Fab)
      (effects (font (size 1 1) (thickness 0.15)))
    )
    (fp_text user %R (at 0 0 90) (layer F.Fab)
      (effects (font (size 0.5 0.5) (thickness 0.075)))
    )
    (fp_line (start 0.76 1.58) (end 0.76 0.65) (layer F.SilkS) (width 0.12))
    (fp_line (start 0.76 -1.58) (end 0.76 -0.65) (layer F.SilkS) (width 0.12))
    (fp_line (start -2.7 -1.75) (end 2.7 -1.75) (layer F.CrtYd) (width 0.05))
    (fp_line (start 2.7 -1.75) (end 2.7 1.75) (layer F.CrtYd) (width 0.05))
    (fp_line (start 2.7 1.75) (end -2.7 1.75) (layer F.CrtYd) (width 0.05))
    (fp_line (start -2.7 1.75) (end -2.7 -1.75) (layer F.CrtYd) (width 0.05))
    (fp_line (start 0.76 -1.58) (end -2.4 -1.58) (layer F.SilkS) (width 0.12))
    (fp_line (start -0.7 -0.95) (end -0.7 1.5) (layer F.Fab) (width 0.1))
    (fp_line (start -0.15 -1.52) (end 0.7 -1.52) (layer F.Fab) (width 0.1))
    (fp_line (start -0.7 -0.95) (end -0.15 -1.52) (layer F.Fab) (width 0.1))
    (fp_line (start 0.7 -1.52) (end 0.7 1.52) (layer F.Fab) (width 0.1))
    (fp_line (start -0.7 1.52) (end 0.7 1.52) (layer F.Fab) (width 0.1))
    (fp_line (start 0.76 1.58) (end -0.7 1.58) (layer F.SilkS) (width 0.12))
    (pad 1 smd rect (at -1.5 -0.95) (size 1.9 0.8) (layers F.Cu F.Paste F.Mask)
      (net 56 "Net-(Q21-Pad1)"))
    (pad 2 smd rect (at -1.5 0.95) (size 1.9 0.8) (layers F.Cu F.Paste F.Mask)
      (net 30 "Net-(D8-Pad2)"))
    (pad 3 smd rect (at 1.5 0) (size 1.9 0.8) (layers F.Cu F.Paste F.Mask)
      (net 31 "Net-(D9-Pad1)"))
    (model ${KISYS3DMOD}/Package_TO_SOT_SMD.3dshapes/SOT-23.wrl
      (at (xyz 0 0 0))
      (scale (xyz 1 1 1))
      (rotate (xyz 0 0 0))
    )
  )

  (module Package_TO_SOT_SMD:SOT-23_Handsoldering (layer F.Cu) (tedit 5A0AB76C) (tstamp 5D1DD624)
    (at 194 38.5 270)
    (descr "SOT-23, Handsoldering")
    (tags SOT-23)
    (path /5D388BD6)
    (attr smd)
    (fp_text reference Q20 (at 0 -2.5 90) (layer F.SilkS)
      (effects (font (size 1 1) (thickness 0.15)))
    )
    (fp_text value Q-NPN (at 0 2.5 90) (layer F.Fab)
      (effects (font (size 1 1) (thickness 0.15)))
    )
    (fp_line (start 0.76 1.58) (end -0.7 1.58) (layer F.SilkS) (width 0.12))
    (fp_line (start -0.7 1.52) (end 0.7 1.52) (layer F.Fab) (width 0.1))
    (fp_line (start 0.7 -1.52) (end 0.7 1.52) (layer F.Fab) (width 0.1))
    (fp_line (start -0.7 -0.95) (end -0.15 -1.52) (layer F.Fab) (width 0.1))
    (fp_line (start -0.15 -1.52) (end 0.7 -1.52) (layer F.Fab) (width 0.1))
    (fp_line (start -0.7 -0.95) (end -0.7 1.5) (layer F.Fab) (width 0.1))
    (fp_line (start 0.76 -1.58) (end -2.4 -1.58) (layer F.SilkS) (width 0.12))
    (fp_line (start -2.7 1.75) (end -2.7 -1.75) (layer F.CrtYd) (width 0.05))
    (fp_line (start 2.7 1.75) (end -2.7 1.75) (layer F.CrtYd) (width 0.05))
    (fp_line (start 2.7 -1.75) (end 2.7 1.75) (layer F.CrtYd) (width 0.05))
    (fp_line (start -2.7 -1.75) (end 2.7 -1.75) (layer F.CrtYd) (width 0.05))
    (fp_line (start 0.76 -1.58) (end 0.76 -0.65) (layer F.SilkS) (width 0.12))
    (fp_line (start 0.76 1.58) (end 0.76 0.65) (layer F.SilkS) (width 0.12))
    (fp_text user %R (at 0 0) (layer F.Fab)
      (effects (font (size 0.5 0.5) (thickness 0.075)))
    )
    (pad 3 smd rect (at 1.5 0 270) (size 1.9 0.8) (layers F.Cu F.Paste F.Mask)
      (net 32 "Net-(D10-Pad2)"))
    (pad 2 smd rect (at -1.5 0.95 270) (size 1.9 0.8) (layers F.Cu F.Paste F.Mask)
      (net 29 "Net-(D7-Pad1)"))
    (pad 1 smd rect (at -1.5 -0.95 270) (size 1.9 0.8) (layers F.Cu F.Paste F.Mask)
      (net 55 "Net-(Q20-Pad1)"))
    (model ${KISYS3DMOD}/Package_TO_SOT_SMD.3dshapes/SOT-23.wrl
      (at (xyz 0 0 0))
      (scale (xyz 1 1 1))
      (rotate (xyz 0 0 0))
    )
  )

  (module Package_TO_SOT_SMD:SOT-23_Handsoldering (layer F.Cu) (tedit 5A0AB76C) (tstamp 5D1DD60F)
    (at 169.125001 105.705001)
    (descr "SOT-23, Handsoldering")
    (tags SOT-23)
    (path /5D3861BE)
    (attr smd)
    (fp_text reference Q19 (at 0 -2.5) (layer F.SilkS)
      (effects (font (size 1 1) (thickness 0.15)))
    )
    (fp_text value Q-PNP (at 0 2.5) (layer F.Fab)
      (effects (font (size 1 1) (thickness 0.15)))
    )
    (fp_text user %R (at 0 0 90) (layer F.Fab)
      (effects (font (size 0.5 0.5) (thickness 0.075)))
    )
    (fp_line (start 0.76 1.58) (end 0.76 0.65) (layer F.SilkS) (width 0.12))
    (fp_line (start 0.76 -1.58) (end 0.76 -0.65) (layer F.SilkS) (width 0.12))
    (fp_line (start -2.7 -1.75) (end 2.7 -1.75) (layer F.CrtYd) (width 0.05))
    (fp_line (start 2.7 -1.75) (end 2.7 1.75) (layer F.CrtYd) (width 0.05))
    (fp_line (start 2.7 1.75) (end -2.7 1.75) (layer F.CrtYd) (width 0.05))
    (fp_line (start -2.7 1.75) (end -2.7 -1.75) (layer F.CrtYd) (width 0.05))
    (fp_line (start 0.76 -1.58) (end -2.4 -1.58) (layer F.SilkS) (width 0.12))
    (fp_line (start -0.7 -0.95) (end -0.7 1.5) (layer F.Fab) (width 0.1))
    (fp_line (start -0.15 -1.52) (end 0.7 -1.52) (layer F.Fab) (width 0.1))
    (fp_line (start -0.7 -0.95) (end -0.15 -1.52) (layer F.Fab) (width 0.1))
    (fp_line (start 0.7 -1.52) (end 0.7 1.52) (layer F.Fab) (width 0.1))
    (fp_line (start -0.7 1.52) (end 0.7 1.52) (layer F.Fab) (width 0.1))
    (fp_line (start 0.76 1.58) (end -0.7 1.58) (layer F.SilkS) (width 0.12))
    (pad 1 smd rect (at -1.5 -0.95) (size 1.9 0.8) (layers F.Cu F.Paste F.Mask)
      (net 52 "Net-(Q19-Pad1)"))
    (pad 2 smd rect (at -1.5 0.95) (size 1.9 0.8) (layers F.Cu F.Paste F.Mask)
      (net 53 "Net-(Q19-Pad2)"))
    (pad 3 smd rect (at 1.5 0) (size 1.9 0.8) (layers F.Cu F.Paste F.Mask)
      (net 54 "Net-(Q19-Pad3)"))
    (model ${KISYS3DMOD}/Package_TO_SOT_SMD.3dshapes/SOT-23.wrl
      (at (xyz 0 0 0))
      (scale (xyz 1 1 1))
      (rotate (xyz 0 0 0))
    )
  )

  (module Package_TO_SOT_SMD:SOT-23_Handsoldering (layer F.Cu) (tedit 5A0AB76C) (tstamp 5D1DD5FA)
    (at 165.075001 110.405001)
    (descr "SOT-23, Handsoldering")
    (tags SOT-23)
    (path /5D1F2209)
    (attr smd)
    (fp_text reference Q18 (at 0 -2.5) (layer F.SilkS)
      (effects (font (size 1 1) (thickness 0.15)))
    )
    (fp_text value Q-NPN (at 0 2.5) (layer F.Fab)
      (effects (font (size 1 1) (thickness 0.15)))
    )
    (fp_line (start 0.76 1.58) (end -0.7 1.58) (layer F.SilkS) (width 0.12))
    (fp_line (start -0.7 1.52) (end 0.7 1.52) (layer F.Fab) (width 0.1))
    (fp_line (start 0.7 -1.52) (end 0.7 1.52) (layer F.Fab) (width 0.1))
    (fp_line (start -0.7 -0.95) (end -0.15 -1.52) (layer F.Fab) (width 0.1))
    (fp_line (start -0.15 -1.52) (end 0.7 -1.52) (layer F.Fab) (width 0.1))
    (fp_line (start -0.7 -0.95) (end -0.7 1.5) (layer F.Fab) (width 0.1))
    (fp_line (start 0.76 -1.58) (end -2.4 -1.58) (layer F.SilkS) (width 0.12))
    (fp_line (start -2.7 1.75) (end -2.7 -1.75) (layer F.CrtYd) (width 0.05))
    (fp_line (start 2.7 1.75) (end -2.7 1.75) (layer F.CrtYd) (width 0.05))
    (fp_line (start 2.7 -1.75) (end 2.7 1.75) (layer F.CrtYd) (width 0.05))
    (fp_line (start -2.7 -1.75) (end 2.7 -1.75) (layer F.CrtYd) (width 0.05))
    (fp_line (start 0.76 -1.58) (end 0.76 -0.65) (layer F.SilkS) (width 0.12))
    (fp_line (start 0.76 1.58) (end 0.76 0.65) (layer F.SilkS) (width 0.12))
    (fp_text user %R (at 0 0 90) (layer F.Fab)
      (effects (font (size 0.5 0.5) (thickness 0.075)))
    )
    (pad 3 smd rect (at 1.5 0) (size 1.9 0.8) (layers F.Cu F.Paste F.Mask)
      (net 50 "Net-(Q18-Pad3)"))
    (pad 2 smd rect (at -1.5 0.95) (size 1.9 0.8) (layers F.Cu F.Paste F.Mask)
      (net 26 "Net-(D5-Pad1)"))
    (pad 1 smd rect (at -1.5 -0.95) (size 1.9 0.8) (layers F.Cu F.Paste F.Mask)
      (net 51 "Net-(Q18-Pad1)"))
    (model ${KISYS3DMOD}/Package_TO_SOT_SMD.3dshapes/SOT-23.wrl
      (at (xyz 0 0 0))
      (scale (xyz 1 1 1))
      (rotate (xyz 0 0 0))
    )
  )

  (module Package_TO_SOT_SMD:SOT-23_Handsoldering (layer F.Cu) (tedit 5A0AB76C) (tstamp 5D1DD5E5)
    (at 246 119.5 90)
    (descr "SOT-23, Handsoldering")
    (tags SOT-23)
    (path /5D385283)
    (attr smd)
    (fp_text reference Q17 (at 0 -2.5 90) (layer F.SilkS)
      (effects (font (size 1 1) (thickness 0.15)))
    )
    (fp_text value Q-NPN (at 0 2.5 90) (layer F.Fab)
      (effects (font (size 1 1) (thickness 0.15)))
    )
    (fp_text user %R (at 0 0) (layer F.Fab)
      (effects (font (size 0.5 0.5) (thickness 0.075)))
    )
    (fp_line (start 0.76 1.58) (end 0.76 0.65) (layer F.SilkS) (width 0.12))
    (fp_line (start 0.76 -1.58) (end 0.76 -0.65) (layer F.SilkS) (width 0.12))
    (fp_line (start -2.7 -1.75) (end 2.7 -1.75) (layer F.CrtYd) (width 0.05))
    (fp_line (start 2.7 -1.75) (end 2.7 1.75) (layer F.CrtYd) (width 0.05))
    (fp_line (start 2.7 1.75) (end -2.7 1.75) (layer F.CrtYd) (width 0.05))
    (fp_line (start -2.7 1.75) (end -2.7 -1.75) (layer F.CrtYd) (width 0.05))
    (fp_line (start 0.76 -1.58) (end -2.4 -1.58) (layer F.SilkS) (width 0.12))
    (fp_line (start -0.7 -0.95) (end -0.7 1.5) (layer F.Fab) (width 0.1))
    (fp_line (start -0.15 -1.52) (end 0.7 -1.52) (layer F.Fab) (width 0.1))
    (fp_line (start -0.7 -0.95) (end -0.15 -1.52) (layer F.Fab) (width 0.1))
    (fp_line (start 0.7 -1.52) (end 0.7 1.52) (layer F.Fab) (width 0.1))
    (fp_line (start -0.7 1.52) (end 0.7 1.52) (layer F.Fab) (width 0.1))
    (fp_line (start 0.76 1.58) (end -0.7 1.58) (layer F.SilkS) (width 0.12))
    (pad 1 smd rect (at -1.5 -0.95 90) (size 1.9 0.8) (layers F.Cu F.Paste F.Mask)
      (net 23 "Net-(D4-Pad1)"))
    (pad 2 smd rect (at -1.5 0.95 90) (size 1.9 0.8) (layers F.Cu F.Paste F.Mask)
      (net 49 "Net-(Q16-Pad1)"))
    (pad 3 smd rect (at 1.5 0 90) (size 1.9 0.8) (layers F.Cu F.Paste F.Mask)
      (net 46 "Net-(Q13-Pad3)"))
    (model ${KISYS3DMOD}/Package_TO_SOT_SMD.3dshapes/SOT-23.wrl
      (at (xyz 0 0 0))
      (scale (xyz 1 1 1))
      (rotate (xyz 0 0 0))
    )
  )

  (module Package_TO_SOT_SMD:SOT-23_Handsoldering (layer F.Cu) (tedit 5A0AB76C) (tstamp 5D1DD5D0)
    (at 231 95 270)
    (descr "SOT-23, Handsoldering")
    (tags SOT-23)
    (path /5D3833F0)
    (attr smd)
    (fp_text reference Q16 (at 0 -2.5 90) (layer F.SilkS)
      (effects (font (size 1 1) (thickness 0.15)))
    )
    (fp_text value Q-NPN (at 0 2.5 90) (layer F.Fab)
      (effects (font (size 1 1) (thickness 0.15)))
    )
    (fp_line (start 0.76 1.58) (end -0.7 1.58) (layer F.SilkS) (width 0.12))
    (fp_line (start -0.7 1.52) (end 0.7 1.52) (layer F.Fab) (width 0.1))
    (fp_line (start 0.7 -1.52) (end 0.7 1.52) (layer F.Fab) (width 0.1))
    (fp_line (start -0.7 -0.95) (end -0.15 -1.52) (layer F.Fab) (width 0.1))
    (fp_line (start -0.15 -1.52) (end 0.7 -1.52) (layer F.Fab) (width 0.1))
    (fp_line (start -0.7 -0.95) (end -0.7 1.5) (layer F.Fab) (width 0.1))
    (fp_line (start 0.76 -1.58) (end -2.4 -1.58) (layer F.SilkS) (width 0.12))
    (fp_line (start -2.7 1.75) (end -2.7 -1.75) (layer F.CrtYd) (width 0.05))
    (fp_line (start 2.7 1.75) (end -2.7 1.75) (layer F.CrtYd) (width 0.05))
    (fp_line (start 2.7 -1.75) (end 2.7 1.75) (layer F.CrtYd) (width 0.05))
    (fp_line (start -2.7 -1.75) (end 2.7 -1.75) (layer F.CrtYd) (width 0.05))
    (fp_line (start 0.76 -1.58) (end 0.76 -0.65) (layer F.SilkS) (width 0.12))
    (fp_line (start 0.76 1.58) (end 0.76 0.65) (layer F.SilkS) (width 0.12))
    (fp_text user %R (at 0 0) (layer F.Fab)
      (effects (font (size 0.5 0.5) (thickness 0.075)))
    )
    (pad 3 smd rect (at 1.5 0 270) (size 1.9 0.8) (layers F.Cu F.Paste F.Mask)
      (net 46 "Net-(Q13-Pad3)"))
    (pad 2 smd rect (at -1.5 0.95 270) (size 1.9 0.8) (layers F.Cu F.Paste F.Mask)
      (net 27 "Net-(D6-Pad2)"))
    (pad 1 smd rect (at -1.5 -0.95 270) (size 1.9 0.8) (layers F.Cu F.Paste F.Mask)
      (net 49 "Net-(Q16-Pad1)"))
    (model ${KISYS3DMOD}/Package_TO_SOT_SMD.3dshapes/SOT-23.wrl
      (at (xyz 0 0 0))
      (scale (xyz 1 1 1))
      (rotate (xyz 0 0 0))
    )
  )

  (module Package_TO_SOT_SMD:SOT-23_Handsoldering (layer F.Cu) (tedit 5A0AB76C) (tstamp 5D1DD5BB)
    (at 245.5 45 180)
    (descr "SOT-23, Handsoldering")
    (tags SOT-23)
    (path /5D2A4B6B)
    (attr smd)
    (fp_text reference Q15 (at 0 -2.5) (layer F.SilkS)
      (effects (font (size 1 1) (thickness 0.15)))
    )
    (fp_text value Q_PNP_BCE (at 0 2.5) (layer F.Fab)
      (effects (font (size 1 1) (thickness 0.15)))
    )
    (fp_text user %R (at 0 0 90) (layer F.Fab)
      (effects (font (size 0.5 0.5) (thickness 0.075)))
    )
    (fp_line (start 0.76 1.58) (end 0.76 0.65) (layer F.SilkS) (width 0.12))
    (fp_line (start 0.76 -1.58) (end 0.76 -0.65) (layer F.SilkS) (width 0.12))
    (fp_line (start -2.7 -1.75) (end 2.7 -1.75) (layer F.CrtYd) (width 0.05))
    (fp_line (start 2.7 -1.75) (end 2.7 1.75) (layer F.CrtYd) (width 0.05))
    (fp_line (start 2.7 1.75) (end -2.7 1.75) (layer F.CrtYd) (width 0.05))
    (fp_line (start -2.7 1.75) (end -2.7 -1.75) (layer F.CrtYd) (width 0.05))
    (fp_line (start 0.76 -1.58) (end -2.4 -1.58) (layer F.SilkS) (width 0.12))
    (fp_line (start -0.7 -0.95) (end -0.7 1.5) (layer F.Fab) (width 0.1))
    (fp_line (start -0.15 -1.52) (end 0.7 -1.52) (layer F.Fab) (width 0.1))
    (fp_line (start -0.7 -0.95) (end -0.15 -1.52) (layer F.Fab) (width 0.1))
    (fp_line (start 0.7 -1.52) (end 0.7 1.52) (layer F.Fab) (width 0.1))
    (fp_line (start -0.7 1.52) (end 0.7 1.52) (layer F.Fab) (width 0.1))
    (fp_line (start 0.76 1.58) (end -0.7 1.58) (layer F.SilkS) (width 0.12))
    (pad 1 smd rect (at -1.5 -0.95 180) (size 1.9 0.8) (layers F.Cu F.Paste F.Mask)
      (net 47 "Net-(Q14-Pad2)"))
    (pad 2 smd rect (at -1.5 0.95 180) (size 1.9 0.8) (layers F.Cu F.Paste F.Mask)
      (net 48 "Net-(Q15-Pad2)"))
    (pad 3 smd rect (at 1.5 0 180) (size 1.9 0.8) (layers F.Cu F.Paste F.Mask)
      (net 45 "Net-(Q12-Pad3)"))
    (model ${KISYS3DMOD}/Package_TO_SOT_SMD.3dshapes/SOT-23.wrl
      (at (xyz 0 0 0))
      (scale (xyz 1 1 1))
      (rotate (xyz 0 0 0))
    )
  )

  (module Package_TO_SOT_SMD:SOT-23_Handsoldering (layer F.Cu) (tedit 5A0AB76C) (tstamp 5D1DD5A6)
    (at 239.5 44.5 90)
    (descr "SOT-23, Handsoldering")
    (tags SOT-23)
    (path /5D2A3134)
    (attr smd)
    (fp_text reference Q14 (at 0 -2.5 90) (layer F.SilkS)
      (effects (font (size 1 1) (thickness 0.15)))
    )
    (fp_text value Q_PNP_BCE (at 0 2.5 90) (layer F.Fab)
      (effects (font (size 1 1) (thickness 0.15)))
    )
    (fp_text user %R (at 0 0) (layer F.Fab)
      (effects (font (size 0.5 0.5) (thickness 0.075)))
    )
    (fp_line (start 0.76 1.58) (end 0.76 0.65) (layer F.SilkS) (width 0.12))
    (fp_line (start 0.76 -1.58) (end 0.76 -0.65) (layer F.SilkS) (width 0.12))
    (fp_line (start -2.7 -1.75) (end 2.7 -1.75) (layer F.CrtYd) (width 0.05))
    (fp_line (start 2.7 -1.75) (end 2.7 1.75) (layer F.CrtYd) (width 0.05))
    (fp_line (start 2.7 1.75) (end -2.7 1.75) (layer F.CrtYd) (width 0.05))
    (fp_line (start -2.7 1.75) (end -2.7 -1.75) (layer F.CrtYd) (width 0.05))
    (fp_line (start 0.76 -1.58) (end -2.4 -1.58) (layer F.SilkS) (width 0.12))
    (fp_line (start -0.7 -0.95) (end -0.7 1.5) (layer F.Fab) (width 0.1))
    (fp_line (start -0.15 -1.52) (end 0.7 -1.52) (layer F.Fab) (width 0.1))
    (fp_line (start -0.7 -0.95) (end -0.15 -1.52) (layer F.Fab) (width 0.1))
    (fp_line (start 0.7 -1.52) (end 0.7 1.52) (layer F.Fab) (width 0.1))
    (fp_line (start -0.7 1.52) (end 0.7 1.52) (layer F.Fab) (width 0.1))
    (fp_line (start 0.76 1.58) (end -0.7 1.58) (layer F.SilkS) (width 0.12))
    (pad 1 smd rect (at -1.5 -0.95 90) (size 1.9 0.8) (layers F.Cu F.Paste F.Mask)
      (net 22 "Net-(D3-Pad2)"))
    (pad 2 smd rect (at -1.5 0.95 90) (size 1.9 0.8) (layers F.Cu F.Paste F.Mask)
      (net 47 "Net-(Q14-Pad2)"))
    (pad 3 smd rect (at 1.5 0 90) (size 1.9 0.8) (layers F.Cu F.Paste F.Mask)
      (net 45 "Net-(Q12-Pad3)"))
    (model ${KISYS3DMOD}/Package_TO_SOT_SMD.3dshapes/SOT-23.wrl
      (at (xyz 0 0 0))
      (scale (xyz 1 1 1))
      (rotate (xyz 0 0 0))
    )
  )

  (module Package_TO_SOT_SMD:SOT-23_Handsoldering (layer F.Cu) (tedit 5A0AB76C) (tstamp 5D1DD591)
    (at 251 116.95 180)
    (descr "SOT-23, Handsoldering")
    (tags SOT-23)
    (path /5D296033)
    (attr smd)
    (fp_text reference Q13 (at 0 -2.5) (layer F.SilkS)
      (effects (font (size 1 1) (thickness 0.15)))
    )
    (fp_text value Q_PNP (at 0 2.5) (layer F.Fab)
      (effects (font (size 1 1) (thickness 0.15)))
    )
    (fp_line (start 0.76 1.58) (end -0.7 1.58) (layer F.SilkS) (width 0.12))
    (fp_line (start -0.7 1.52) (end 0.7 1.52) (layer F.Fab) (width 0.1))
    (fp_line (start 0.7 -1.52) (end 0.7 1.52) (layer F.Fab) (width 0.1))
    (fp_line (start -0.7 -0.95) (end -0.15 -1.52) (layer F.Fab) (width 0.1))
    (fp_line (start -0.15 -1.52) (end 0.7 -1.52) (layer F.Fab) (width 0.1))
    (fp_line (start -0.7 -0.95) (end -0.7 1.5) (layer F.Fab) (width 0.1))
    (fp_line (start 0.76 -1.58) (end -2.4 -1.58) (layer F.SilkS) (width 0.12))
    (fp_line (start -2.7 1.75) (end -2.7 -1.75) (layer F.CrtYd) (width 0.05))
    (fp_line (start 2.7 1.75) (end -2.7 1.75) (layer F.CrtYd) (width 0.05))
    (fp_line (start 2.7 -1.75) (end 2.7 1.75) (layer F.CrtYd) (width 0.05))
    (fp_line (start -2.7 -1.75) (end 2.7 -1.75) (layer F.CrtYd) (width 0.05))
    (fp_line (start 0.76 -1.58) (end 0.76 -0.65) (layer F.SilkS) (width 0.12))
    (fp_line (start 0.76 1.58) (end 0.76 0.65) (layer F.SilkS) (width 0.12))
    (fp_text user %R (at 0 0 90) (layer F.Fab)
      (effects (font (size 0.5 0.5) (thickness 0.075)))
    )
    (pad 3 smd rect (at 1.5 0 180) (size 1.9 0.8) (layers F.Cu F.Paste F.Mask)
      (net 46 "Net-(Q13-Pad3)"))
    (pad 2 smd rect (at -1.5 0.95 180) (size 1.9 0.8) (layers F.Cu F.Paste F.Mask)
      (net 14 VEE))
    (pad 1 smd rect (at -1.5 -0.95 180) (size 1.9 0.8) (layers F.Cu F.Paste F.Mask)
      (net 44 "Net-(Q11-Pad3)"))
    (model ${KISYS3DMOD}/Package_TO_SOT_SMD.3dshapes/SOT-23.wrl
      (at (xyz 0 0 0))
      (scale (xyz 1 1 1))
      (rotate (xyz 0 0 0))
    )
  )

  (module Package_TO_SOT_SMD:SOT-23_Handsoldering (layer F.Cu) (tedit 5A0AB76C) (tstamp 5D1DD57C)
    (at 214 75.5 180)
    (descr "SOT-23, Handsoldering")
    (tags SOT-23)
    (path /5D28DB15)
    (attr smd)
    (fp_text reference Q12 (at 0 -2.5) (layer F.SilkS)
      (effects (font (size 1 1) (thickness 0.15)))
    )
    (fp_text value Q_NPN (at 0 2.5) (layer F.Fab)
      (effects (font (size 1 1) (thickness 0.15)))
    )
    (fp_text user %R (at 0 0 90) (layer F.Fab)
      (effects (font (size 0.5 0.5) (thickness 0.075)))
    )
    (fp_line (start 0.76 1.58) (end 0.76 0.65) (layer F.SilkS) (width 0.12))
    (fp_line (start 0.76 -1.58) (end 0.76 -0.65) (layer F.SilkS) (width 0.12))
    (fp_line (start -2.7 -1.75) (end 2.7 -1.75) (layer F.CrtYd) (width 0.05))
    (fp_line (start 2.7 -1.75) (end 2.7 1.75) (layer F.CrtYd) (width 0.05))
    (fp_line (start 2.7 1.75) (end -2.7 1.75) (layer F.CrtYd) (width 0.05))
    (fp_line (start -2.7 1.75) (end -2.7 -1.75) (layer F.CrtYd) (width 0.05))
    (fp_line (start 0.76 -1.58) (end -2.4 -1.58) (layer F.SilkS) (width 0.12))
    (fp_line (start -0.7 -0.95) (end -0.7 1.5) (layer F.Fab) (width 0.1))
    (fp_line (start -0.15 -1.52) (end 0.7 -1.52) (layer F.Fab) (width 0.1))
    (fp_line (start -0.7 -0.95) (end -0.15 -1.52) (layer F.Fab) (width 0.1))
    (fp_line (start 0.7 -1.52) (end 0.7 1.52) (layer F.Fab) (width 0.1))
    (fp_line (start -0.7 1.52) (end 0.7 1.52) (layer F.Fab) (width 0.1))
    (fp_line (start 0.76 1.58) (end -0.7 1.58) (layer F.SilkS) (width 0.12))
    (pad 1 smd rect (at -1.5 -0.95 180) (size 1.9 0.8) (layers F.Cu F.Paste F.Mask)
      (net 43 "Net-(Q10-Pad3)"))
    (pad 2 smd rect (at -1.5 0.95 180) (size 1.9 0.8) (layers F.Cu F.Paste F.Mask)
      (net 8 VCC))
    (pad 3 smd rect (at 1.5 0 180) (size 1.9 0.8) (layers F.Cu F.Paste F.Mask)
      (net 45 "Net-(Q12-Pad3)"))
    (model ${KISYS3DMOD}/Package_TO_SOT_SMD.3dshapes/SOT-23.wrl
      (at (xyz 0 0 0))
      (scale (xyz 1 1 1))
      (rotate (xyz 0 0 0))
    )
  )

  (module Package_TO_SOT_SMD:SOT-23_Handsoldering (layer F.Cu) (tedit 5A0AB76C) (tstamp 5D1DD567)
    (at 245 114.05 180)
    (descr "SOT-23, Handsoldering")
    (tags SOT-23)
    (path /5D2954EB)
    (attr smd)
    (fp_text reference Q11 (at 0 -2.5) (layer F.SilkS)
      (effects (font (size 1 1) (thickness 0.15)))
    )
    (fp_text value Q_PNP_BCE (at 0 2.5) (layer F.Fab)
      (effects (font (size 1 1) (thickness 0.15)))
    )
    (fp_line (start 0.76 1.58) (end -0.7 1.58) (layer F.SilkS) (width 0.12))
    (fp_line (start -0.7 1.52) (end 0.7 1.52) (layer F.Fab) (width 0.1))
    (fp_line (start 0.7 -1.52) (end 0.7 1.52) (layer F.Fab) (width 0.1))
    (fp_line (start -0.7 -0.95) (end -0.15 -1.52) (layer F.Fab) (width 0.1))
    (fp_line (start -0.15 -1.52) (end 0.7 -1.52) (layer F.Fab) (width 0.1))
    (fp_line (start -0.7 -0.95) (end -0.7 1.5) (layer F.Fab) (width 0.1))
    (fp_line (start 0.76 -1.58) (end -2.4 -1.58) (layer F.SilkS) (width 0.12))
    (fp_line (start -2.7 1.75) (end -2.7 -1.75) (layer F.CrtYd) (width 0.05))
    (fp_line (start 2.7 1.75) (end -2.7 1.75) (layer F.CrtYd) (width 0.05))
    (fp_line (start 2.7 -1.75) (end 2.7 1.75) (layer F.CrtYd) (width 0.05))
    (fp_line (start -2.7 -1.75) (end 2.7 -1.75) (layer F.CrtYd) (width 0.05))
    (fp_line (start 0.76 -1.58) (end 0.76 -0.65) (layer F.SilkS) (width 0.12))
    (fp_line (start 0.76 1.58) (end 0.76 0.65) (layer F.SilkS) (width 0.12))
    (fp_text user %R (at 0 0 90) (layer F.Fab)
      (effects (font (size 0.5 0.5) (thickness 0.075)))
    )
    (pad 3 smd rect (at 1.5 0 180) (size 1.9 0.8) (layers F.Cu F.Paste F.Mask)
      (net 44 "Net-(Q11-Pad3)"))
    (pad 2 smd rect (at -1.5 0.95 180) (size 1.9 0.8) (layers F.Cu F.Paste F.Mask)
      (net 14 VEE))
    (pad 1 smd rect (at -1.5 -0.95 180) (size 1.9 0.8) (layers F.Cu F.Paste F.Mask)
      (net 9 "Net-(C5-Pad1)"))
    (model ${KISYS3DMOD}/Package_TO_SOT_SMD.3dshapes/SOT-23.wrl
      (at (xyz 0 0 0))
      (scale (xyz 1 1 1))
      (rotate (xyz 0 0 0))
    )
  )

  (module Package_TO_SOT_SMD:SOT-23_Handsoldering (layer F.Cu) (tedit 5A0AB76C) (tstamp 5D1DD552)
    (at 220.5 75.5 180)
    (descr "SOT-23, Handsoldering")
    (tags SOT-23)
    (path /5D28CDDD)
    (attr smd)
    (fp_text reference Q10 (at 0 -2.5) (layer F.SilkS)
      (effects (font (size 1 1) (thickness 0.15)))
    )
    (fp_text value Q_NPN (at 0 2.5) (layer F.Fab)
      (effects (font (size 1 1) (thickness 0.15)))
    )
    (fp_line (start 0.76 1.58) (end -0.7 1.58) (layer F.SilkS) (width 0.12))
    (fp_line (start -0.7 1.52) (end 0.7 1.52) (layer F.Fab) (width 0.1))
    (fp_line (start 0.7 -1.52) (end 0.7 1.52) (layer F.Fab) (width 0.1))
    (fp_line (start -0.7 -0.95) (end -0.15 -1.52) (layer F.Fab) (width 0.1))
    (fp_line (start -0.15 -1.52) (end 0.7 -1.52) (layer F.Fab) (width 0.1))
    (fp_line (start -0.7 -0.95) (end -0.7 1.5) (layer F.Fab) (width 0.1))
    (fp_line (start 0.76 -1.58) (end -2.4 -1.58) (layer F.SilkS) (width 0.12))
    (fp_line (start -2.7 1.75) (end -2.7 -1.75) (layer F.CrtYd) (width 0.05))
    (fp_line (start 2.7 1.75) (end -2.7 1.75) (layer F.CrtYd) (width 0.05))
    (fp_line (start 2.7 -1.75) (end 2.7 1.75) (layer F.CrtYd) (width 0.05))
    (fp_line (start -2.7 -1.75) (end 2.7 -1.75) (layer F.CrtYd) (width 0.05))
    (fp_line (start 0.76 -1.58) (end 0.76 -0.65) (layer F.SilkS) (width 0.12))
    (fp_line (start 0.76 1.58) (end 0.76 0.65) (layer F.SilkS) (width 0.12))
    (fp_text user %R (at 0 0 90) (layer F.Fab)
      (effects (font (size 0.5 0.5) (thickness 0.075)))
    )
    (pad 3 smd rect (at 1.5 0 180) (size 1.9 0.8) (layers F.Cu F.Paste F.Mask)
      (net 43 "Net-(Q10-Pad3)"))
    (pad 2 smd rect (at -1.5 0.95 180) (size 1.9 0.8) (layers F.Cu F.Paste F.Mask)
      (net 8 VCC))
    (pad 1 smd rect (at -1.5 -0.95 180) (size 1.9 0.8) (layers F.Cu F.Paste F.Mask)
      (net 5 "Net-(C3-Pad2)"))
    (model ${KISYS3DMOD}/Package_TO_SOT_SMD.3dshapes/SOT-23.wrl
      (at (xyz 0 0 0))
      (scale (xyz 1 1 1))
      (rotate (xyz 0 0 0))
    )
  )

  (module Package_TO_SOT_SMD:SOT-23_Handsoldering (layer F.Cu) (tedit 5A0AB76C) (tstamp 5D1DD53D)
    (at 257 113)
    (descr "SOT-23, Handsoldering")
    (tags SOT-23)
    (path /5D18160B)
    (attr smd)
    (fp_text reference Q9 (at 0 -2.5) (layer F.SilkS)
      (effects (font (size 1 1) (thickness 0.15)))
    )
    (fp_text value Q_NPN_BCE (at 0 2.5) (layer F.Fab)
      (effects (font (size 1 1) (thickness 0.15)))
    )
    (fp_line (start 0.76 1.58) (end -0.7 1.58) (layer F.SilkS) (width 0.12))
    (fp_line (start -0.7 1.52) (end 0.7 1.52) (layer F.Fab) (width 0.1))
    (fp_line (start 0.7 -1.52) (end 0.7 1.52) (layer F.Fab) (width 0.1))
    (fp_line (start -0.7 -0.95) (end -0.15 -1.52) (layer F.Fab) (width 0.1))
    (fp_line (start -0.15 -1.52) (end 0.7 -1.52) (layer F.Fab) (width 0.1))
    (fp_line (start -0.7 -0.95) (end -0.7 1.5) (layer F.Fab) (width 0.1))
    (fp_line (start 0.76 -1.58) (end -2.4 -1.58) (layer F.SilkS) (width 0.12))
    (fp_line (start -2.7 1.75) (end -2.7 -1.75) (layer F.CrtYd) (width 0.05))
    (fp_line (start 2.7 1.75) (end -2.7 1.75) (layer F.CrtYd) (width 0.05))
    (fp_line (start 2.7 -1.75) (end 2.7 1.75) (layer F.CrtYd) (width 0.05))
    (fp_line (start -2.7 -1.75) (end 2.7 -1.75) (layer F.CrtYd) (width 0.05))
    (fp_line (start 0.76 -1.58) (end 0.76 -0.65) (layer F.SilkS) (width 0.12))
    (fp_line (start 0.76 1.58) (end 0.76 0.65) (layer F.SilkS) (width 0.12))
    (fp_text user %R (at 0 0 90) (layer F.Fab)
      (effects (font (size 0.5 0.5) (thickness 0.075)))
    )
    (pad 3 smd rect (at 1.5 0) (size 1.9 0.8) (layers F.Cu F.Paste F.Mask)
      (net 42 "Net-(Q9-Pad3)"))
    (pad 2 smd rect (at -1.5 0.95) (size 1.9 0.8) (layers F.Cu F.Paste F.Mask)
      (net 9 "Net-(C5-Pad1)"))
    (pad 1 smd rect (at -1.5 -0.95) (size 1.9 0.8) (layers F.Cu F.Paste F.Mask)
      (net 20 "Net-(D1-Pad2)"))
    (model ${KISYS3DMOD}/Package_TO_SOT_SMD.3dshapes/SOT-23.wrl
      (at (xyz 0 0 0))
      (scale (xyz 1 1 1))
      (rotate (xyz 0 0 0))
    )
  )

  (module Package_TO_SOT_SMD:SOT-23_Handsoldering (layer F.Cu) (tedit 5A0AB76C) (tstamp 5D1DD505)
    (at 214 80.05 180)
    (descr "SOT-23, Handsoldering")
    (tags SOT-23)
    (path /5D1BDD16)
    (attr smd)
    (fp_text reference Q7 (at 0 -2.5) (layer F.SilkS)
      (effects (font (size 1 1) (thickness 0.15)))
    )
    (fp_text value Q_PNP_BCE (at 0 2.5) (layer F.Fab)
      (effects (font (size 1 1) (thickness 0.15)))
    )
    (fp_text user %R (at 0 0 90) (layer F.Fab)
      (effects (font (size 0.5 0.5) (thickness 0.075)))
    )
    (fp_line (start 0.76 1.58) (end 0.76 0.65) (layer F.SilkS) (width 0.12))
    (fp_line (start 0.76 -1.58) (end 0.76 -0.65) (layer F.SilkS) (width 0.12))
    (fp_line (start -2.7 -1.75) (end 2.7 -1.75) (layer F.CrtYd) (width 0.05))
    (fp_line (start 2.7 -1.75) (end 2.7 1.75) (layer F.CrtYd) (width 0.05))
    (fp_line (start 2.7 1.75) (end -2.7 1.75) (layer F.CrtYd) (width 0.05))
    (fp_line (start -2.7 1.75) (end -2.7 -1.75) (layer F.CrtYd) (width 0.05))
    (fp_line (start 0.76 -1.58) (end -2.4 -1.58) (layer F.SilkS) (width 0.12))
    (fp_line (start -0.7 -0.95) (end -0.7 1.5) (layer F.Fab) (width 0.1))
    (fp_line (start -0.15 -1.52) (end 0.7 -1.52) (layer F.Fab) (width 0.1))
    (fp_line (start -0.7 -0.95) (end -0.15 -1.52) (layer F.Fab) (width 0.1))
    (fp_line (start 0.7 -1.52) (end 0.7 1.52) (layer F.Fab) (width 0.1))
    (fp_line (start -0.7 1.52) (end 0.7 1.52) (layer F.Fab) (width 0.1))
    (fp_line (start 0.76 1.58) (end -0.7 1.58) (layer F.SilkS) (width 0.12))
    (pad 1 smd rect (at -1.5 -0.95 180) (size 1.9 0.8) (layers F.Cu F.Paste F.Mask)
      (net 40 "Net-(Q6-Pad3)"))
    (pad 2 smd rect (at -1.5 0.95 180) (size 1.9 0.8) (layers F.Cu F.Paste F.Mask)
      (net 5 "Net-(C3-Pad2)"))
    (pad 3 smd rect (at 1.5 0 180) (size 1.9 0.8) (layers F.Cu F.Paste F.Mask)
      (net 7 "Net-(C4-Pad1)"))
    (model ${KISYS3DMOD}/Package_TO_SOT_SMD.3dshapes/SOT-23.wrl
      (at (xyz 0 0 0))
      (scale (xyz 1 1 1))
      (rotate (xyz 0 0 0))
    )
  )

  (module Package_TO_SOT_SMD:SOT-23_Handsoldering (layer F.Cu) (tedit 5A0AB76C) (tstamp 5D1DD4F0)
    (at 207.5 80 180)
    (descr "SOT-23, Handsoldering")
    (tags SOT-23)
    (path /5D1BD236)
    (attr smd)
    (fp_text reference Q6 (at 0 -2.5) (layer F.SilkS)
      (effects (font (size 1 1) (thickness 0.15)))
    )
    (fp_text value Q_PNP_BCE (at 0 2.5) (layer F.Fab)
      (effects (font (size 1 1) (thickness 0.15)))
    )
    (fp_line (start 0.76 1.58) (end -0.7 1.58) (layer F.SilkS) (width 0.12))
    (fp_line (start -0.7 1.52) (end 0.7 1.52) (layer F.Fab) (width 0.1))
